750 
339 341
795 796
470 471
105 108
200 204
846 847
740 744
813 814
543 544
993 995
49 51
401 402
409 410
27 30
91 93
615 617
259 262
153 155
40 44
99 101
455 458
481 482
6 8
861 862
20 26
386 388
15 18
147 150
372 373
620 622
452 454
114 115
31 32
94 95
407 408
521 522
10 12
438 443
413 414
982 984
701 703
134 137
735 737
297 304
289 290
129 130
168 169
474 475
249 250
800 801
422 424
510 511
837 838
686 689
834 835
816 817
840 841
929 930
581 582
368 371
390 392
832 833
238 242
156 157
459 461
714 715
138 143
947 949
144 146
665 666
231 234
912 915
375 376
853 856
382 383
118 119
873 876
857 858
879 881
263 264
163 165
345 350
609 612
494 495
958 960
161 162
71 72
434 437
952 953
894 897
662 664
956 957
243 244
624 625
668 670
343 344
720 721
466 469
765 769
447 449
270 271
553 558
562 563
716 717
808 810
990 991
285 288
66 67
256 257
572 573
618 619
651 653
884 885
198 199
415 417
759 760
797 798
236 237
126 128
490 492
932 934
226 227
353 355
793 794
80 82
171 172
46 47
770 773
180 182
728
324 327
365 366
86 88
919 920
52 53
528 529
188 190
534 535
660 661
583 585
681 683
545 547
751 752
517 518
273 280
588
973 974
697 698
501 503
183 185
805 806
123 124
977 979
330 331
394 395
173 175
191 195
762 763
444 445
962
774 781
825 828
753 758
985 988
28
871 872
151 152
866 868
902 903
464 465
638
937 940
403 405
537 542
131 133
564 566
76 79
321 322
214 215
836
277
254
710 711
637 643
568 571
523 524
673 674
924
196
306 307
818 824
384 385
125
550
217
22
761
927 928
428 432
628 630
589 590
802
941 943
59 61
726 731
675 676
705 709
525 527
579 580
57 58
961 965
197
654
109
631 632
684 685
102 104
337 338
0 2
996 999
567
13
606
287
113
516
4
314
34
275
497
36 37
739
286
78
964
48
158 160
484 487
223 224
472
725
81
723
404
546
116 117
910 911
512 513
488
301
736
476 478
216
468
202
252 253
335 336
967 968
695 696
70
154
483
266 269
241
329
599 600
745
480
896
19
391
908
595 598
247
145
260
891 892
860
83
657 659
64 65
381
942
166
296
633 634
73
743
364
179
601 603
756
423
38
211
87
561
509
557
799
167
779
23
370
68 69
820
181
730
310 318
539
508
406
451
803
457
96 97
367
302
559
479
50
127
219
278
950
889
635 636
936
551
348
439
103
294
898 901
279
704
174
201
577 578
159
623
502
218 221
246 248
54 55
864
997
998
890
899
313
531
746
607 608
462
707
939
5
652
645
149
532
877
732
504
416
398 399
680
771
560
576
3
387
430
507
206 207
426 427
729
916 918
994
193
320
882 883
913
555
775
906
500
647
450
228
281
969
436
584
412
360
473
411
148
777
812
629
887
724
189
300
89
878
852
208
467
815
139
11
921
485
596
251
663
907
644
9
60
616
755
184
187
788 789
429
648
292
433
41
605
867
328
393
225
359 363
349
706
888
702
792
855
25
602
614
291 295
610
712
594
830
972
954
35
358
951
570
880
922
679
819
92
688
258
418 419
548 552
496 498
831
84 85
90
106
541
677
435
268
923
323
963
7
768
499
627
203
21
904 909
667
980 981
389
613
727
463
905
718
233
530
986
845
757
98
347
893
626
945 946
75
992
641
272
987
533
742
245
210
319
926
754
298
597
650
699 700
671
776
255
265
823
844
120
456
900
749 750
232
229
400
305
261
311
944
719
440
142
178
839
352
361
778
332
396
682
274
62
140
586 587
334
356
933
111
554
299
240
526
604
713
870
970
575
549
460
874
267
692
669
865
786
708
886
283
284
935
851
687
849
863
591
850
931
782 783
442
29
39
239
738
446
177
787
421
925
112
369
536
309
346
377
425
362
342
656
213
978
722
827
100
826
493
24
540
121
136
312
821
640
538
875
453
869
222
514
593
303
611
741
230
733
378
989
205
77
809
380
122
804
63
505
176
658
1
914
448
107
212
315
975
822
519
235
811
45
209
983
520
374
672
477
33
56
971
807
574
431
790
690
486
170
959
515
164
780
110
489
293
938
694
491
351
357
317
691
948
859
340
784
646
842
592
14
74
639
766
748
734
565
854
379
649
441
325
829
16
135
642
917
693
621
316
17
569
895
420
506
132
276
186
785
848
397
791
326
333
976
220
308
282
194
192
141
43
42
966
843
955
678
747
772
767
764
655
556
354
